$GLGSV,3,1,09,81,26,053,17,73,20,288,,70,45,262,,82,34,112,*68

$GLGSV,3,2,09,80,47,350,,79,21,054,,69,22,196,,83,07,163,*65

$GLGSV,3,3,09,71,21,320,*58

$GPGSV,3,1,11,28,58,025,16,05,19,229,,07,13,090,,11,03,057,*75

$GPGSV,3,2,11,13,65,309,,15,26,313,,17,48,133,,19,27,168,*7B

$GPGSV,3,3,11,20,15,277,,24,02,291,,30,37,071,*42

$GPGGA,111407.0,,,,,0,,,,,,,,*7A

$GNGNS,111407.0,,,,,NN,,,,,,*4F

$GPVTG,,T,,M,,N,,K,N*2C

$GPRMC,,V,,,,,,,,,,N*53

$GPGSA,A,1,,,,,,,,,,,,,,,*1E

$GNGSA,A,1,,,,,,,,,,,,,,,*00

$GLGSV,3,1,09,81,26,053,17,73,20,288,,70,45,262,,82,34,112,*68

$GLGSV,3,2,09,80,47,350,,79,21,054,,69,22,196,,83,07,163,*65

$GLGSV,3,3,09,71,21,320,*58

$GPGSV,3,1,11,28,58,025,16,05,19,229,,07,13,090,,11,03,057,*75

$GPGSV,3,2,11,13,65,309,,15,26,313,,17,48,133,,19,27,168,*7B

$GPGSV,3,3,11,20,15,277,,24,02,291,,30,37,071,*42

$GPGGA,111408.0,,,,,0,,,,,,,,*75

$GNGNS,111408.0,,,,,NN,,,,,,*40

$GPVTG,,T,,M,,N,,K,N*2C

$GPRMC,,V,,,,,,,,,,N*53

$GPGSA,A,1,,,,,,,,,,,,,,,*1E

$GNGSA,A,1,,,,,,,,,,,,,,,*00

$GLGSV,3,1,09,81,26,053,17,73,20,288,,70,45,262,,82,34,112,*68

$GLGSV,3,2,09,80,47,350,,79,21,054,,69,22,196,,83,07,163,*65

$GLGSV,3,3,09,71,21,320,*58

$GPGSV,3,1,11,28,58,025,16,05,19,229,,07,13,090,,11,03,057,*75

$GPGSV,3,2,11,13,65,309,,15,26,313,,17,48,133,,19,27,168,*7B

$GPGSV,3,3,11,20,15,277,,24,02,291,,30,37,071,*42

$GPGGA,111409.0,,,,,0,,,,,,,,*74

$GNGNS,111409.0,,,,,NN,,,,,,*41

$GPVTG,,T,,M,,N,,K,N*2C

$GPRMC,,V,,,,,,,,,,N*53

$GPGSA,A,1,,,,,,,,,,,,,,,*1E

$GNGSA,A,1,,,,,,,,,,,,,,,*00

$GLGSV,3,1,09,81,26,053,17,73,20,288,,70,45,262,,82,34,112,*68

$GLGSV,3,2,09,80,47,350,,79,21,054,,69,22,196,,83,07,163,*65

$GLGSV,3,3,09,71,21,320,*58

$GPGSV,3,1,11,28,58,025,16,05,19,229,,07,13,090,,11,03,057,*75

$GPGSV,3,2,11,13,65,309,,15,26,313,,17,48,133,,19,27,168,*7B

$GPGSV,3,3,11,20,15,277,,24,02,291,,30,37,071,*42

$GPGGA,111410.0,,,,,0,,,,,,,,*7C

$GNGNS,111410.0,,,,,NN,,,,,,*49

$GPVTG,,T,,M,,N,,K,N*2C

$GPRMC,,V,,,,,,,,,,N*53

$GPGSA,A,1,,,,,,,,,,,,,,,*1E

$GNGSA,A,1,,,,,,,,,,,,,,,*00

$GLGSV,3,1,09,81,26,053,17,73,20,288,,70,45,262,,82,34,112,*68

$GLGSV,3,2,09,80,47,350,,79,21,054,,69,22,196,,83,07,163,*65

$GLGSV,3,3,09,71,21,320,*58

$GPGSV,3,1,11,28,58,025,16,05,19,229,,07,13,090,,11,03,057,*75

$GPGSV,3,2,11,13,65,309,,15,26,313,,17,48,133,,19,27,168,*7B

$GPGSV,3,3,11,20,15,277,,24,02,291,,30,37,071,*42

$GPGGA,111411.0,,,,,0,,,,,,,,*7D

$GNGNS,111411.0,,,,,NN,,,,,,*48

$GPVTG,,T,,M,,N,,K,N*2C

$GPRMC,,V,,,,,,,,,,N*53

$GPGSA,A,1,,,,,,,,,,,,,,,*1E

$GNGSA,A,1,,,,,,,,,,,,,,,*00

$GLGSV,3,1,09,81,26,053,17,73,20,288,,70,45,262,,82,34,112,*68

$GLGSV,3,2,09,80,47,350,,79,21,054,,69,22,196,,83,07,163,*65

$GLGSV,3,3,09,71,21,320,*58

$GPGSV,3,1,11,28,58,025,16,05,19,229,,07,13,090,,11,03,057,*75

$GPGSV,3,2,11,13,65,309,,15,26,313,,17,48,133,,19,27,168,*7B

$GPGSV,3,3,11,20,15,277,,24,02,291,,30,37,071,*42

$GPGGA,111412.0,,,,,0,,,,,,,,*7E

$GNGNS,111412.0,,,,,NN,,,,,,*4B

$GPVTG,,T,,M,,N,,K,N*2C

$GPRMC,,V,,,,,,,,,,N*53

$GPGSA,A,1,,,,,,,,,,,,,,,*1E

$GNGSA,A,1,,,,,,,,,,,,,,,*00

$GLGSV,3,1,09,81,26,053,17,73,20,288,,70,45,262,,82,34,112,*68

$GLGSV,3,2,09,80,47,350,,79,21,054,,69,22,196,,83,07,163,*65

$GLGSV,3,3,09,71,21,320,*58

$GPGSV,3,1,11,28,58,025,16,05,19,229,,07,13,090,,11,03,057,*75

$GPGSV,3,2,11,13,65,309,,15,26,313,,17,48,133,,19,27,168,*7B

$GPGSV,3,3,11,20,15,277,,24,02,291,,30,37,071,*42

$GPGGA,111413.0,,,,,0,,,,,,,,*7F

$GNGNS,111413.0,,,,,NN,,,,,,*4A

$GPVTG,,T,,M,,N,,K,N*2C

$GPRMC,,V,,,,,,,,,,N*53

$GPGSA,A,1,,,,,,,,,,,,,,,*1E

$GNGSA,A,1,,,,,,,,,,,,,,,*00

$GLGSV,3,1,09,81,26,053,17,73,20,288,,70,45,262,,82,34,112,*68

$GLGSV,3,2,09,80,47,350,,79,21,054,,69,22,196,,83,07,163,*65

$GLGSV,3,3,09,71,21,320,*58

$GPGSV,3,1,11,28,58,025,16,05,19,229,,07,13,090,,11,03,057,*75

$GPGSV,3,2,11,13,65,309,,15,26,313,,17,48,133,,19,27,168,*7B

$GPGSV,3,3,11,20,15,277,,24,02,291,,30,37,071,*42

$GPGGA,111414.0,,,,,0,,,,,,,,*78

$GNGNS,111414.0,,,,,NN,,,,,,*4D

$GPVTG,,T,,M,,N,,K,N*2C

$GPRMC,,V,,,,,,,,,,N*53

$GPGSA,A,1,,,,,,,,,,,,,,,*1E

$GNGSA,A,1,,,,,,,,,,,,,,,*00

$GLGSV,3,1,09,81,26,053,17,73,20,288,,70,45,262,,82,34,112,*68

$GLGSV,3,2,09,80,47,350,,79,21,054,,69,22,196,,83,07,163,*65

$GLGSV,3,3,09,71,21,320,*58

$GPGSV,3,1,11,28,58,025,16,05,19,229,,07,13,090,,11,03,057,*75

$GPGSV,3,2,11,13,65,309,,15,26,313,,17,48,133,,19,27,168,*7B

$GPGSV,3,3,11,20,15,277,,24,02,291,,30,37,071,*42

$GPGGA,111415.0,,,,,0,,,,,,,,*79

$GNGNS,111415.0,,,,,NN,,,,,,*4C

$GPVTG,,T,,M,,N,,K,N*2C

$GPRMC,,V,,,,,,,,,,N*53

$GPGSA,A,1,,,,,,,,,,,,,,,*1E

$GNGSA,A,1,,,,,,,,,,,,,,,*00

$GLGSV,3,1,09,81,26,053,17,73,20,288,,70,45,262,,82,34,112,*68

$GLGSV,3,2,09,80,47,350,,79,21,054,,69,22,196,,83,07,163,*65

$GLGSV,3,3,09,71,21,320,*58

$GPGSV,3,1,11,28,58,025,16,05,19,229,,07,13,090,,11,03,057,*75

$GPGSV,3,2,11,13,65,309,,15,26,313,,17,48,133,,19,27,168,*7B

$GPGSV,3,3,11,20,15,277,,24,02,291,,30,37,071,*42

$GPGGA,111416.0,,,,,0,,,,,,,,*7A

$GNGNS,111416.0,,,,,NN,,,,,,*4F

$GPVTG,,T,,M,,N,,K,N*2C

$GPRMC,,V,,,,,,,,,,N*53

$GPGSA,A,1,,,,,,,,,,,,,,,*1E

$GNGSA,A,1,,,,,,,,,,,,,,,*00

$GLGSV,3,1,09,81,26,053,17,73,20,288,,70,45,262,,82,34,112,*68

$GLGSV,3,2,09,80,47,350,,79,21,054,,69,22,196,,83,07,163,*65

$GLGSV,3,3,09,71,21,320,*58

$GPGSV,3,1,11,28,58,025,16,05,19,229,,07,13,090,,11,03,057,*75

$GPGSV,3,2,11,13,65,309,,15,26,313,,17,48,133,,19,27,168,*7B

$GPGSV,3,3,11,20,15,277,,24,02,291,,30,37,071,*42

$GPGGA,111417.0,,,,,0,,,,,,,,*7B

$GNGNS,111417.0,,,,,NN,,,,,,*4E

$GPVTG,,T,,M,,N,,K,N*2C

$GPRMC,,V,,,,,,,,,,N*53

$GPGSA,A,1,,,,,,,,,,,,,,,*1E

$GNGSA,A,1,,,,,,,,,,,,,,,*00

$GLGSV,3,1,09,81,26,053,17,73,20,288,,70,45,262,,82,34,112,*68

$GLGSV,3,2,09,80,47,350,,79,21,054,,69,22,196,,83,07,163,*65

$GLGSV,3,3,09,71,21,320,*58

$GPGSV,3,1,11,28,58,025,16,05,19,229,,07,13,090,,11,03,057,*75

$GPGSV,3,2,11,13,65,309,,15,26,313,,17,48,133,,19,27,168,*7B

$GPGSV,3,3,11,20,15,277,,24,02,291,,30,37,071,*42

$GPGGA,111418.0,,,,,0,,,,,,,,*74

$GNGNS,111418.0,,,,,NN,,,,,,*41

$GPVTG,,T,,M,,N,,K,N*2C

$GPRMC,,V,,,,,,,,,,N*53

$GPGSA,A,1,,,,,,,,,,,,,,,*1E

$GNGSA,A,1,,,,,,,,,,,,,,,*00

$GLGSV,3,1,09,81,26,053,17,73,20,288,,70,45,262,,82,34,112,*68

$GLGSV,3,2,09,80,47,350,,79,21,054,,69,22,196,,83,07,163,*65

$GLGSV,3,3,09,71,21,320,*58

$GPGSV,3,1,11,28,58,025,16,05,19,229,,07,13,090,,11,03,057,*75

$GPGSV,3,2,11,13,65,309,,15,26,313,,17,48,133,,19,27,168,*7B

$GPGSV,3,3,11,20,15,277,,24,02,291,,30,37,071,*42

$GPGGA,111419.0,,,,,0,,,,,,,,*75

$GNGNS,111419.0,,,,,NN,,,,,,*40

$GPVTG,,T,,M,,N,,K,N*2C

$GPRMC,,V,,,,,,,,,,N*53

$GPGSA,A,1,,,,,,,,,,,,,,,*1E

$GNGSA,A,1,,,,,,,,,,,,,,,*00

$GLGSV,3,1,09,81,26,053,17,73,20,288,,70,45,262,,82,34,112,*68

$GLGSV,3,2,09,80,47,350,,79,21,054,,69,22,196,,83,07,163,*65

$GLGSV,3,3,09,71,21,320,*58

$GPGSV,3,1,11,28,58,025,16,05,19,229,,07,13,090,,11,03,057,*75

$GPGSV,3,2,11,13,65,309,,15,26,313,,17,48,133,,19,27,168,*7B

$GPGSV,3,3,11,20,15,277,,24,02,291,,30,37,071,*42

$GPGGA,111420.0,,,,,0,,,,,,,,*7F

$GNGNS,111420.0,,,,,NN,,,,,,*4A

$GPVTG,,T,,M,,N,,K,N*2C

$GPRMC,,V,,,,,,,,,,N*53

$GPGSA,A,1,,,,,,,,,,,,,,,*1E

$GNGSA,A,1,,,,,,,,,,,,,,,*00

$GLGSV,3,1,09,81,26,053,17,73,20,288,,70,45,262,,82,34,112,*68

$GLGSV,3,2,09,80,47,350,,79,21,054,,69,22,196,,83,07,163,*65

$GLGSV,3,3,09,71,21,320,*58

$GPGSV,3,1,11,28,58,025,16,05,19,229,,07,13,090,,11,03,057,*75

$GPGSV,3,2,11,13,65,309,,15,26,313,,17,48,133,,19,27,168,*7B

$GPGSV,3,3,11,20,15,277,,24,02,291,,30,37,071,*42

$GPGGA,111421.0,,,,,0,,,,,,,,*7E

$GNGNS,111421.0,,,,,NN,,,,,,*4B

$GPVTG,,T,,M,,N,,K,N*2C

$GPRMC,,V,,,,,,,,,,N*53

$GPGSA,A,1,,,,,,,,,,,,,,,*1E

$GNGSA,A,1,,,,,,,,,,,,,,,*00

$GLGSV,3,1,09,79,21,054,13,81,26,053,17,73,20,288,,70,45,262,*69

$GLGSV,3,2,09,82,34,112,,80,47,350,,69,22,196,,83,07,163,*66

$GLGSV,3,3,09,71,21,320,*58

$GPGSV,3,1,11,28,58,025,16,05,19,229,,07,13,090,,11,03,057,*75

$GPGSV,3,2,11,13,65,309,,15,26,313,,17,48,133,,19,27,168,*7B

$GPGSV,3,3,11,20,15,277,,24,02,291,,30,37,071,*42

$GPGGA,111422.0,,,,,0,,,,,,,,*7D

$GNGNS,111422.0,,,,,NN,,,,,,*48

$GPVTG,,T,,M,,N,,K,N*2C

$GPRMC,,V,,,,,,,,,,N*53

$GPGSA,A,1,,,,,,,,,,,,,,,*1E

$GNGSA,A,1,,,,,,,,,,,,,,,*00

$GLGSV,3,1,09,79,21,054,13,81,26,053,17,73,20,288,,70,45,262,*69

$GLGSV,3,2,09,82,34,112,,80,47,350,,69,22,196,,83,07,163,*66

$GLGSV,3,3,09,71,21,320,*58

$GPGSV,3,1,11,28,58,025,16,05,19,229,,07,13,090,,11,03,057,*75

$GPGSV,3,2,11,13,65,309,,15,26,313,,17,48,133,,19,27,168,*7B

$GPGSV,3,3,11,20,15,277,,24,02,291,,30,37,071,*42

$GPGGA,111423.0,,,,,0,,,,,,,,*7C

$GNGNS,111423.0,,,,,NN,,,,,,*49

$GPVTG,,T,,M,,N,,K,N*2C

$GPRMC,,V,,,,,,,,,,N*53

$GPGSA,A,1,,,,,,,,,,,,,,,*1E

$GNGSA,A,1,,,,,,,,,,,,,,,*00

$GLGSV,3,1,09,79,21,054,13,81,26,053,17,73,20,288,,70,45,262,*69

$GLGSV,3,2,09,82,34,112,,80,47,350,,69,22,196,,83,07,163,*66

$GLGSV,3,3,09,71,21,320,*58

$GPGSV,3,1,11,28,58,025,16,05,19,229,,07,13,090,,11,03,057,*75

$GPGSV,3,2,11,13,65,309,,15,26,313,,17,48,133,,19,27,168,*7B

$GPGSV,3,3,11,20,15,277,,24,02,291,,30,37,071,*42

$GPGGA,111424.0,,,,,0,,,,,,,,*7B

$GNGNS,111424.0,,,,,NN,,,,,,*4E

$GPVTG,,T,,M,,N,,K,N*2C

$GPRMC,,V,,,,,,,,,,N*53

$GPGSA,A,1,,,,,,,,,,,,,,,*1E

$GNGSA,A,1,,,,,,,,,,,,,,,*00

$GLGSV,3,1,09,79,21,054,13,81,26,053,17,73,20,288,,70,45,262,*69

$GLGSV,3,2,09,82,34,112,,80,47,350,,69,22,196,,83,07,163,*66

$GLGSV,3,3,09,71,21,320,*58

$GPGSV,3,1,11,28,58,025,16,05,19,229,,07,13,090,,11,03,057,*75

$GPGSV,3,2,11,13,65,309,,15,26,313,,17,48,133,,19,27,168,*7B

$GPGSV,3,3,11,20,15,277,,24,02,291,,30,37,071,*42

$GPGGA,111425.0,,,,,0,,,,,,,,*7A

$GNGNS,111425.0,,,,,NN,,,,,,*4F

$GPVTG,,T,,M,,N,,K,N*2C

$GPRMC,,V,,,,,,,,,,N*53

$GPGSA,A,1,,,,,,,,,,,,,,,*1E

$GNGSA,A,1,,,,,,,,,,,,,,,*00

$GLGSV,3,1,09,79,21,056,13,81,26,053,14,73,20,288,,70,45,261,*6B

$GLGSV,3,2,09,82,34,112,,80,47,350,,69,21,196,,83,07,163,*65

$GLGSV,3,3,09,71,21,320,*58

$GPGSV,3,1,11,28,57,025,16,05,19,229,,07,13,090,,11,03,057,*7A

$GPGSV,3,2,11,13,66,309,,15,27,313,,17,48,133,,19,28,168,*76

$GPGSV,3,3,11,20,15,277,,24,02,291,,30,37,073,*40

$GPGGA,111426.0,,,,,0,,,,,,,,*79

$GNGNS,111426.0,,,,,NN,,,,,,*4C

$GPVTG,,T,,M,,N,,K,N*2C

$GPRMC,,V,,,,,,,,,,N*53

$GPGSA,A,1,,,,,,,,,,,,,,,*1E

$GNGSA,A,1,,,,,,,,,,,,,,,*00

$GLGSV,3,1,09,79,21,056,13,81,26,053,14,73,20,288,,70,45,261,*6B

$GLGSV,3,2,09,82,34,112,,80,47,350,,69,21,196,,83,07,163,*65

$GLGSV,3,3,09,71,21,320,*58

$GPGSV,3,1,11,28,57,025,16,05,19,229,,07,13,090,,11,03,057,*7A

$GPGSV,3,2,11,13,66,309,,15,27,313,,17,48,133,,19,28,168,*76

$GPGSV,3,3,11,20,15,277,,24,02,291,,30,37,073,*40

$GPGGA,111426.0,,,,,0,,,,,,,,*79

$GNGNS,111426.0,,,,,NN,,,,,,*4C

$GPVTG,,T,,M,,N,,K,N*2C

$GPRMC,,V,,,,,,,,,,N*53

$GPGSA,A,1,,,,,,,,,,,,,,,*1E

$GNGSA,A,1,,,,,,,,,,,,,,,*00

$GLGSV,3,1,09,79,21,056,13,81,26,053,14,73,20,288,,70,45,261,*6B

$GLGSV,3,2,09,82,34,112,,80,47,350,,69,21,196,,83,07,163,*65

$GLGSV,3,3,09,71,21,320,*58

$GPGSV,3,1,11,28,57,025,16,05,19,229,,07,13,090,,11,03,057,*7A

$GPGSV,3,2,11,13,66,309,,15,27,313,,17,48,133,,19,28,168,*76

$GPGSV,3,3,11,20,15,277,,24,02,291,,30,37,073,*40

$GPGGA,111427.0,,,,,0,,,,,,,,*78

$GNGNS,111427.0,,,,,NN,,,,,,*4D

$GPVTG,,T,,M,,N,,K,N*2C

$GPRMC,,V,,,,,,,,,,N*53

$GPGSA,A,1,,,,,,,,,,,,,,,*1E

$GNGSA,A,1,,,,,,,,,,,,,,,*00

$GLGSV,3,1,09,79,21,056,13,81,26,053,14,73,20,288,,70,45,261,*6B

$GLGSV,3,2,09,82,34,112,,80,47,350,,69,21,196,,83,07,163,*65

$GLGSV,3,3,09,71,21,320,*58

$GPGSV,3,1,11,28,57,025,16,05,19,229,,07,13,090,,11,03,057,*7A

$GPGSV,3,2,11,13,66,309,,15,27,313,,17,48,133,,19,28,168,*76

$GPGSV,3,3,11,20,15,277,,24,02,291,,30,37,073,*40

$GPGGA,111427.0,,,,,0,,,,,,,,*78

$GNGNS,111427.0,,,,,NN,,,,,,*4D

$GPVTG,,T,,M,,N,,K,N*2C

$GPRMC,,V,,,,,,,,,,N*53

$GPGSA,A,1,,,,,,,,,,,,,,,*1E

$GNGSA,A,1,,,,,,,,,,,,,,,*00

$GLGSV,3,1,09,79,21,056,13,81,26,053,14,73,20,288,,70,45,261,*6B

$GLGSV,3,1,09,79,21,056,13,81,26,053,14,73,20,288,,70,45,261,*6B

$GLGSV,3,2,09,82,34,112,,80,47,350,,69,21,196,,83,07,163,*65

$GLGSV,3,2,09,82,34,112,,80,47,350,,69,21,196,,83,07,163,*65

$GLGSV,3,3,09,71,21,320,*58

$GPGSV,3,1,10,05,19,229,,07,13,090,,11,03,057,,13,66,309,*7B

$GPGSV,3,2,10,15,27,313,,17,48,133,,19,28,168,,20,15,277,*7B

$GPGSV,3,3,10,24,02,291,,30,37,073,*75

$GPGGA,111428.0,,,,,0,,,,,,,,*77

$GNGNS,111428.0,,,,,NN,,,,,,*42

$GPVTG,,T,,M,,N,,K,N*2C

$GPRMC,,V,,,,,,,,,,N*53

$GPGSA,A,1,,,,,,,,,,,,,,,*1E

$GLGSV,3,3,09,71,21,320,*58

$GPGSV,3,1,10,05,19,229,,07,13,090,,11,03,057,,13,66,309,*7B

$GPGSV,3,2,10,15,27,313,,17,48,133,,19,28,168,,20,15,277,*7B

$GPGSV,3,3,10,24,02,291,,30,37,073,*75

$GPGGA,111428.0,,,,,0,,,,,,,,*77

$GNGNS,111428.0,,,,,NN,,,,,,*42

$GPVTG,,T,,M,,N,,K,N*2C

$GPRMC,,V,,,,,,,,,,N*53

$GPGSA,A,1,,,,,,,,,,,,,,,*1E

$GNGSA,A,1,,,,,,,,,,,,,,,*00

$GNGSA,A,1,,,,,,,,,,,,,,,*00

$GLGSV,3,1,09,79,21,056,13,81,26,053,14,73,20,288,,70,45,261,*6B

$GLGSV,3,2,09,82,34,112,,80,47,350,,69,21,196,,83,07,163,*65

$GLGSV,3,1,09,79,21,056,13,81,26,053,14,73,20,288,,70,45,261,*6B

$GLGSV,3,2,09,82,34,112,,80,47,350,,69,21,196,,83,07,163,*65

$GLGSV,3,3,09,71,21,320,*58

$GPGSV,3,1,11,05,19,229,,07,13,090,,11,03,057,,13,66,309,*7A

$GPGSV,3,2,11,15,27,313,,17,48,133,,19,28,168,,20,15,277,*7A

$GPGSV,3,3,11,24,02,291,,28,57,025,,30,37,073,*4B

$GPGGA,111429.0,,,,,0,,,,,,,,*76

$GNGNS,111429.0,,,,,NN,,,,,,*43

$GLGSV,3,3,09,71,21,320,*58

$GPGSV,3,1,11,05,19,229,,07,13,090,,11,03,057,,13,66,309,*7A

$GPGSV,3,2,11,15,27,313,,17,48,133,,19,28,168,,20,15,277,*7A

$GPGSV,3,3,11,24,02,291,,28,57,025,,30,37,073,*4B

$GPGGA,111429.0,,,,,0,,,,,,,,*76

$GNGNS,111429.0,,,,,NN,,,,,,*43

$GPVTG,,T,,M,,N,,K,N*2C

$GPRMC,,V,,,,,,,,,,N*53

$GPGSA,A,1,,,,,,,,,,,,,,,*1E

$GNGSA,A,1,,,,,,,,,,,,,,,*00

$GPVTG,,T,,M,,N,,K,N*2C

$GPRMC,,V,,,,,,,,,,N*53

$GPGSA,A,1,,,,,,,,,,,,,,,*1E

$GNGSA,A,1,,,,,,,,,,,,,,,*00

$GLGSV,3,1,09,79,21,056,13,81,26,053,14,73,20,288,,70,45,261,*6B

$GLGSV,3,1,09,79,21,056,13,81,26,053,14,73,20,288,,70,45,261,*6B

$GLGSV,3,2,09,82,34,112,,80,47,350,,69,21,196,,83,07,163,*65

$GLGSV,3,3,09,71,21,320,*58

$GPGSV,3,1,11,05,19,229,,07,13,090,,11,03,057,,13,66,309,*7A

$GLGSV,3,2,09,82,34,112,,80,47,350,,69,21,196,,83,07,163,*65

$GLGSV,3,3,09,71,21,320,*58

$GPGSV,3,1,11,05,19,229,,07,13,090,,11,03,057,,13,66,309,*7A

$GPGSV,3,2,11,15,27,313,,17,48,133,,19,28,168,,20,15,277,*7A

$GPGSV,3,3,11,24,02,291,,28,57,025,,30,37,073,*4B

$GPGGA,111430.0,,,,,0,,,,,,,,*7E

$GNGNS,111430.0,,,,,NN,,,,,,*4B

$GPVTG,,T,,M,,N,,K,N*2C

$GPRMC,,V,,,,,,,,,,N*53

$GPGSA,A,1,,,,,,,,,,,,,,,*1E

$GNGSA,A,1,,,,,,,,,,,,,,,*00

$GPGSV,3,2,11,15,27,313,,17,48,133,,19,28,168,,20,15,277,*7A

$GPGSV,3,3,11,24,02,291,,28,57,025,,30,37,073,*4B

$GPGGA,111430.0,,,,,0,,,,,,,,*7E

$GNGNS,111430.0,,,,,NN,,,,,,*4B

$GPVTG,,T,,M,,N,,K,N*2C

$GPRMC,,V,,,,,,,,,,N*53

$GPGSA,A,1,,,,,,,,,,,,,,,*1E

$GNGSA,A,1,,,,,,,,,,,,,,,*00

$GLGSV,3,1,09,79,21,056,13,81,26,053,14,73,20,288,,70,45,261,*6B

$GLGSV,3,1,09,79,21,056,13,81,26,053,14,73,20,288,,70,45,261,*6B

$GLGSV,3,2,09,82,34,112,,80,47,350,,69,21,196,,83,07,163,*65

$GLGSV,3,2,09,82,34,112,,80,47,350,,69,21,196,,83,07,163,*65

$GLGSV,3,3,09,71,21,320,*58

$GPGSV,3,1,11,05,19,229,,07,13,090,,11,03,057,,13,66,309,*7A

$GPGSV,3,2,11,15,27,313,,17,48,133,,19,28,168,,20,15,277,*7A

$GPGSV,3,3,11,24,02,291,,28,57,025,,30,37,073,*4B

$GPGGA,111431.0,,,,,0,,,,,,,,*7F

$GNGNS,111431.0,,,,,NN,,,,,,*4A

$GPVTG,,T,,M,,N,,K,N*2C

$GPRMC,,V,,,,,,,,,,N*53

$GPGSA,A,1,,,,,,,,,,,,,,,*1E

$GNGSA,A,1,,,,,,,,,,,,,,,*00

$GLGSV,3,3,09,71,21,320,*58

$GPGSV,3,1,11,05,19,229,,07,13,090,,11,03,057,,13,66,309,*7A

$GPGSV,3,2,11,15,27,313,,17,48,133,,19,28,168,,20,15,277,*7A

$GPGSV,3,3,11,24,02,291,,28,57,025,,30,37,073,*4B

$GPGGA,111431.0,,,,,0,,,,,,,,*7F

$GNGNS,111431.0,,,,,NN,,,,,,*4A

$GPVTG,,T,,M,,N,,K,N*2C

$GPRMC,,V,,,,,,,,,,N*53

$GPGSA,A,1,,,,,,,,,,,,,,,*1E

$GNGSA,A,1,,,,,,,,,,,,,,,*00

$GLGSV,3,1,09,79,21,056,13,81,26,053,14,73,21,288,,70,45,261,*6A

$GLGSV,3,2,09,82,34,112,,80,47,350,,69,21,196,,83,07,163,*65

$GLGSV,3,3,09,71,21,319,*52

$GPGSV,3,1,11,05,19,229,,07,13,090,,11,03,057,,13,66,309,*7A

$GPGSV,3,2,11,15,27,313,,17,48,133,,19,28,168,,20,15,277,*7A

$GLGSV,3,1,09,79,21,056,13,81,26,053,14,73,21,288,,70,45,261,*6A

$GLGSV,3,2,09,82,34,112,,80,47,350,,69,21,196,,83,07,163,*65

$GLGSV,3,3,09,71,21,319,*52

$GPGSV,3,1,11,05,19,229,,07,13,090,,11,03,057,,13,66,309,*7A

$GPGSV,3,2,11,15,27,313,,17,48,133,,19,28,168,,20,15,277,*7A

$GPGSV,3,3,11,24,02,291,,28,57,025,,30,37,073,*4B

$GPGGA,111432.0,,,,,0,,,,,,,,*7C

$GNGNS,111432.0,,,,,NN,,,,,,*49

$GPVTG,,T,,M,,N,,K,N*2C

$GPRMC,,V,,,,,,,,,,N*53

$GPGSA,A,1,,,,,,,,,,,,,,,*1E

$GNGSA,A,1,,,,,,,,,,,,,,,*00

$GPGSV,3,3,11,24,02,291,,28,57,025,,30,37,073,*4B

$GPGGA,111432.0,,,,,0,,,,,,,,*7C

$GNGNS,111432.0,,,,,NN,,,,,,*49

$GPVTG,,T,,M,,N,,K,N*2C

$GPRMC,,V,,,,,,,,,,N*53

$GPGSA,A,1,,,,,,,,,,,,,,,*1E

$GNGSA,A,1,,,,,,,,,,,,,,,*00

$GLGSV,3,1,09,79,21,056,13,81,26,053,14,73,21,288,,70,45,261,*6A

$GLGSV,3,1,09,79,21,056,13,81,26,053,14,73,21,288,,70,45,261,*6A

$GLGSV,3,2,09,82,34,112,,80,47,350,,69,21,196,,83,07,163,*65

$GLGSV,3,3,09,71,21,319,*52

$GLGSV,3,2,09,82,34,112,,80,47,350,,69,21,196,,83,07,163,*65

$GLGSV,3,3,09,71,21,319,*52

$GPGSV,3,1,11,05,19,229,,07,13,090,,11,03,057,,13,66,309,*7A

$GPGSV,3,2,11,15,27,313,,17,48,133,,19,28,168,,20,15,277,*7A

$GPGSV,3,3,11,24,02,291,,28,57,025,,30,37,073,*4B

$GPGGA,111433.0,,,,,0,,,,,,,,*7D

$GPGSV,3,1,11,05,19,229,,07,13,090,,11,03,057,,13,66,309,*7A

$GPGSV,3,2,11,15,27,313,,17,48,133,,19,28,168,,20,15,277,*7A

$GPGSV,3,3,11,24,02,291,,28,57,025,,30,37,073,*4B

$GPGGA,111433.0,,,,,0,,,,,,,,*7D

$GNGNS,111433.0,,,,,NN,,,,,,*48

$GPVTG,,T,,M,,N,,K,N*2C

$GPRMC,,V,,,,,,,,,,N*53

$GPGSA,A,1,,,,,,,,,,,,,,,*1E

$GNGSA,A,1,,,,,,,,,,,,,,,*00

$GNGNS,111433.0,,,,,NN,,,,,,*48

$GPVTG,,T,,M,,N,,K,N*2C

$GPRMC,,V,,,,,,,,,,N*53

$GPGSA,A,1,,,,,,,,,,,,,,,*1E

$GNGSA,A,1,,,,,,,,,,,,,,,*00

$GLGSV,3,1,09,79,21,056,13,81,26,053,14,71,21,319,13,73,21,288,*65

$GLGSV,3,1,09,79,21,056,13,81,26,053,14,71,21,319,13,73,21,288,*65

$GLGSV,3,2,09,70,45,261,,82,34,112,,80,47,350,,69,21,196,*6E

$GLGSV,3,3,09,83,07,163,*54

$GPGSV,3,1,11,05,19,229,,07,13,090,,11,03,057,,13,66,309,*7A

$GPGSV,3,2,11,15,27,313,,17,48,133,,19,28,168,,20,15,277,*7A

$GPGSV,3,3,11,24,02,291,,28,57,025,,30,37,073,*4B

$GPGGA,111434.0,,,,,0,,,,,,,,*7A

$GNGNS,111434.0,,,,,NN,,,,,,*4F

$GPVTG,,T,,M,,N,,K,N*2C

$GPRMC,,V,,,,,,,,,,N*53

$GPGSA,A,1,,,,,,,,,,,,,,,*1E

$GNGSA,A,1,,,,,,,,,,,,,,,*00

$GLGSV,3,2,09,70,45,261,,82,34,112,,80,47,350,,69,21,196,*6E

$GLGSV,3,3,09,83,07,163,*54

$GPGSV,3,1,11,05,19,229,,07,13,090,,11,03,057,,13,66,309,*7A

$GPGSV,3,2,11,15,27,313,,17,48,133,,19,28,168,,20,15,277,*7A

$GPGSV,3,3,11,24,02,291,,28,57,025,,30,37,073,*4B

$GPGGA,111434.0,,,,,0,,,,,,,,*7A

$GNGNS,111434.0,,,,,NN,,,,,,*4F

$GPVTG,,T,,M,,N,,K,N*2C

$GPRMC,,V,,,,,,,,,,N*53

$GPGSA,A,1,,,,,,,,,,,,,,,*1E

$GNGSA,A,1,,,,,,,,,,,,,,,*00

$GLGSV,3,1,09,79,21,056,13,81,26,053,14,71,21,319,13,73,21,288,*65

$GLGSV,3,1,09,79,21,056,13,81,26,053,14,71,21,319,13,73,21,288,*65

$GLGSV,3,2,09,70,45,261,,82,34,112,,80,47,350,,69,21,196,*6E

$GLGSV,3,3,09,83,07,163,*54

$GPGSV,2,1,06,05,19,229,,07,13,090,,11,03,057,,13,66,309,*7D

$GPGSV,2,2,06,15,27,313,,17,48,133,*74

$GPGGA,111435.0,,,,,0,,,,,,,,*7B

$GNGNS,111435.0,,,,,NN,,,,,,*4E

$GPVTG,,T,,M,,N,,K,N*2C

$GPRMC,,V,,,,,,,,,,N*53

$GLGSV,3,2,09,70,45,261,,82,34,112,,80,47,350,,69,21,196,*6E

$GLGSV,3,3,09,83,07,163,*54

$GPGSV,2,1,06,05,19,229,,07,13,090,,11,03,057,,13,66,309,*7D

$GPGSV,2,2,06,15,27,313,,17,48,133,*74

$GPGGA,111435.0,,,,,0,,,,,,,,*7B

$GNGNS,111435.0,,,,,NN,,,,,,*4E

$GPVTG,,T,,M,,N,,K,N*2C

$GPRMC,,V,,,,,,,,,,N*53

$GPGSA,A,1,,,,,,,,,,,,,,,*1E

$GNGSA,A,1,,,,,,,,,,,,,,,*00

$GPGSA,A,1,,,,,,,,,,,,,,,*1E

$GNGSA,A,1,,,,,,,,,,,,,,,*00

$GLGSV,3,1,09,79,21,056,13,81,26,053,14,71,21,319,13,73,21,288,*65

$GLGSV,3,2,09,70,45,261,,82,34,112,,80,47,350,,69,21,196,*6E

$GLGSV,3,1,09,79,21,056,13,81,26,053,14,71,21,319,13,73,21,288,*65

$GLGSV,3,2,09,70,45,261,,82,34,112,,80,47,350,,69,21,196,*6E

$GLGSV,3,3,09,83,07,163,*54

$GPGSV,2,1,06,05,19,229,,07,13,090,,11,03,057,,13,66,309,*7D

$GPGSV,2,2,06,15,27,313,,17,48,133,*74

$GPGGA,111436.0,,,,,0,,,,,,,,*78

$GNGNS,111436.0,,,,,NN,,,,,,*4D

$GPVTG,,T,,M,,N,,K,N*2C

$GPRMC,,V,,,,,,,,,,N*53

$GLGSV,3,3,09,83,07,163,*54

$GPGSV,2,1,06,05,19,229,,07,13,090,,11,03,057,,13,66,309,*7D

$GPGSV,2,2,06,15,27,313,,17,48,133,*74

$GPGGA,111436.0,,,,,0,,,,,,,,*78

$GNGNS,111436.0,,,,,NN,,,,,,*4D

$GPVTG,,T,,M,,N,,K,N*2C

$GPRMC,,V,,,,,,,,,,N*53

$GPGSA,A,1,,,,,,,,,,,,,,,*1E

$GNGSA,A,1,,,,,,,,,,,,,,,*00

$GPGSA,A,1,,,,,,,,,,,,,,,*1E

$GNGSA,A,1,,,,,,,,,,,,,,,*00

$GLGSV,3,1,09,79,21,056,13,81,26,053,14,71,21,319,13,73,21,288,*65

$GLGSV,3,2,09,70,45,261,,82,34,112,,80,47,350,,69,21,196,*6E

$GLGSV,3,3,09,83,07,163,*54

$GPGSV,2,1,06,05,19,229,,07,13,090,,11,03,057,,13,66,309,*7D

$GLGSV,3,1,09,79,21,056,13,81,26,053,14,71,21,319,13,73,21,288,*65

$GLGSV,3,2,09,70,45,261,,82,34,112,,80,47,350,,69,21,196,*6E

$GLGSV,3,3,09,83,07,163,*54

$GPGSV,2,1,06,05,19,229,,07,13,090,,11,03,057,,13,66,309,*7D

$GPGSV,2,2,06,15,27,313,,17,48,133,*74

$GPGGA,111437.0,,,,,0,,,,,,,,*79

$GNGNS,111437.0,,,,,NN,,,,,,*4C

$GPVTG,,T,,M,,N,,K,N*2C

$GPRMC,,V,,,,,,,,,,N*53

$GPGSA,A,1,,,,,,,,,,,,,,,*1E

$GNGSA,A,1,,,,,,,,,,,,,,,*00

$GPGSV,2,2,06,15,27,313,,17,48,133,*74

$GPGGA,111437.0,,,,,0,,,,,,,,*79

$GLGSV,3,1,09,80,47,352,14,81,25,052,22,73,21,289,,70,45,260,*6B

$GLGSV,3,2,09,82,35,111,,79,20,057,,69,20,196,,83,09,161,*69

$GLGSV,3,3,09,71,22,319,*51

$GPGSV,2,1,06,11,03,056,16,28,56,026,20,05,18,227,,07,12,091,*73

$GPGSV,2,2,06,13,67,307,,15,28,312,*76

$GPGGA,111721.0,,,,,0,,,,,,,,*7D

$GNGNS,111721.0,,,,,NN,,,,,,*48

$GPVTG,,T,,M,,N,,K,N*2C

$GPRMC,,V,,,,,,,,,,N*53

$GPGSA,A,1,,,,,,,,,,,,,,,*1E

$GNGSA,A,1,,,,,,,,,,,,,,,*00

$GLGSV,3,1,09,80,47,352,14,81,25,052,22,73,21,289,,70,45,260,*6B

$GLGSV,3,2,09,82,35,111,,79,20,057,,69,20,196,,83,09,161,*69

$GLGSV,3,3,09,71,22,319,*51

$GPGSV,2,1,06,11,03,056,16,28,56,026,20,05,18,227,,07,12,091,*73

$GPGSV,2,2,06,13,67,307,,15,28,312,*76

$GPGGA,111722.0,,,,,0,,,,,,,,*7E

$GNGNS,111722.0,,,,,NN,,,,,,*4B

$GPVTG,,T,,M,,N,,K,N*2C

$GPRMC,,V,,,,,,,,,,N*53

$GPGSA,A,1,,,,,,,,,,,,,,,*1E

$GNGSA,A,1,,,,,,,,,,,,,,,*00

$GLGSV,3,1,09,80,47,352,14,81,25,052,22,73,21,289,,70,45,260,*6B

$GLGSV,3,2,09,82,35,111,,79,20,057,,69,20,196,,83,09,161,*69

$GLGSV,3,3,09,71,22,319,*51

$GPGSV,2,1,06,11,03,056,16,28,56,026,20,05,18,227,,07,12,091,*73

$GPGSV,2,2,06,13,67,307,,15,28,312,*76

$GPGGA,111723.0,,,,,0,,,,,,,,*7F

$GNGNS,111723.0,,,,,NN,,,,,,*4A

$GPVTG,,T,,M,,N,,K,N*2C

$GPRMC,,V,,,,,,,,,,N*53

$GPGSA,A,1,,,,,,,,,,,,,,,*1E

$GNGSA,A,1,,,,,,,,,,,,,,,*00

$GLGSV,3,1,09,80,47,352,14,81,25,052,22,73,21,289,,70,45,260,*6B

$GLGSV,3,2,09,82,35,111,,79,20,057,,69,20,196,,83,09,161,*69

$GLGSV,3,3,09,71,22,319,*51

$GPGSV,2,1,06,11,03,056,16,28,56,026,20,05,18,227,,07,12,091,*73

$GPGSV,2,2,06,13,67,307,,15,28,312,*76

$GPGGA,111724.0,,,,,0,,,,,,,,*78

$GNGNS,111724.0,,,,,NN,,,,,,*4D

$GPVTG,,T,,M,,N,,K,N*2C

$GPRMC,,V,,,,,,,,,,N*53

$GPGSA,A,1,,,,,,,,,,,,,,,*1E

$GNGSA,A,1,,,,,,,,,,,,,,,*00

$GLGSV,3,1,09,80,47,352,14,81,25,052,22,73,21,289,,70,45,260,*6B

$GLGSV,3,2,09,82,35,111,,79,20,057,,69,20,196,,83,09,161,*69

$GLGSV,3,3,09,71,22,319,*51

$GPGSV,2,1,06,11,03,056,16,28,56,026,20,05,18,227,,07,12,091,*73

$GPGSV,2,2,06,13,67,307,,15,28,312,*76

$GPGGA,111725.0,,,,,0,,,,,,,,*79

$GNGNS,111725.0,,,,,NN,,,,,,*4C

$GPVTG,,T,,M,,N,,K,N*2C

$GPRMC,,V,,,,,,,,,,N*53

$GPGSA,A,1,,,,,,,,,,,,,,,*1E

$GNGSA,A,1,,,,,,,,,,,,,,,*00

$GLGSV,3,1,09,80,47,352,14,81,25,052,22,73,21,289,,70,45,260,*6B

$GLGSV,3,2,09,82,35,111,,79,20,057,,69,20,196,,83,09,161,*69

$GLGSV,3,3,09,71,22,319,*51

$GPGSV,2,1,06,11,03,056,16,28,56,026,20,05,18,227,,07,12,091,*73

$GPGSV,2,2,06,13,67,307,,15,28,312,*76

$GPGGA,111726.0,,,,,0,,,,,,,,*7A

$GNGNS,111726.0,,,,,NN,,,,,,*4F

$GPVTG,,T,,M,,N,,K,N*2C

$GPRMC,,V,,,,,,,,,,N*53

$GPGSA,A,1,,,,,,,,,,,,,,,*1E

$GNGSA,A,1,,,,,,,,,,,,,,,*00

$GLGSV,3,1,09,80,47,352,14,81,25,052,22,73,21,289,,70,45,260,*6B

$GLGSV,3,2,09,82,35,111,,79,20,057,,69,20,196,,83,09,161,*69

$GLGSV,3,3,09,71,22,319,*51

$GPGSV,2,1,06,11,03,056,16,28,56,026,20,05,18,227,,07,12,091,*73

$GPGSV,2,2,06,13,67,307,,15,28,312,*76

$GPGGA,111727.0,,,,,0,,,,,,,,*7B

$GNGNS,111727.0,,,,,NN,,,,,,*4E

$GPVTG,,T,,M,,N,,K,N*2C

$GPRMC,,V,,,,,,,,,,N*53

$GPGSA,A,1,,,,,,,,,,,,,,,*1E

$GNGSA,A,1,,,,,,,,,,,,,,,*00

$GLGSV,3,1,09,80,47,352,14,81,25,052,22,73,21,289,,70,45,260,*6B

$GLGSV,3,2,09,82,35,111,,79,20,057,,69,20,196,,83,09,161,*69

$GLGSV,3,3,09,71,22,319,*51

$GPGSV,2,1,06,11,03,056,18,28,56,026,20,05,18,227,,07,12,091,*7D

$GPGSV,2,2,06,13,67,307,,15,28,312,*76

$GPGGA,111728.0,,,,,0,,,,,,,,*74

$GNGNS,111728.0,,,,,NN,,,,,,*41

$GPVTG,,T,,M,,N,,K,N*2C

$GPRMC,,V,,,,,,,,,,N*53

$GPGSA,A,1,,,,,,,,,,,,,,,*1E

$GNGSA,A,1,,,,,,,,,,,,,,,*00

$GLGSV,3,1,09,80,47,352,14,81,25,052,22,73,21,289,,70,45,260,*6B

$GLGSV,3,2,09,82,35,111,,79,20,057,,69,20,196,,83,09,161,*69

$GLGSV,3,3,09,71,22,319,*51

$GPGSV,2,1,06,11,03,056,18,28,56,026,20,05,18,227,,07,12,091,*7D

$GPGSV,2,2,06,13,67,307,,15,28,312,*76

$GPGGA,111729.0,,,,,0,,,,,,,,*75

$GNGNS,111729.0,,,,,NN,,,,,,*40

$GPVTG,,T,,M,,N,,K,N*2C

$GPRMC,,V,,,,,,,,,,N*53

$GPGSA,A,1,,,,,,,,,,,,,,,*1E

$GNGSA,A,1,,,,,,,,,,,,,,,*00

$GLGSV,3,1,09,80,47,352,14,81,25,052,22,73,21,289,,70,45,260,*6B

$GLGSV,3,2,09,82,35,111,,79,20,057,,69,20,196,,83,09,161,*69

$GLGSV,3,3,09,71,22,319,*51

$GPGSV,2,1,06,11,03,056,18,28,56,026,20,05,18,227,,07,12,091,*7D

$GPGSV,2,2,06,13,67,307,,15,28,312,*76

$GPGGA,111730.0,,,,,0,,,,,,,,*7D

$GNGNS,111730.0,,,,,NN,,,,,,*48

$GPVTG,,T,,M,,N,,K,N*2C

$GPRMC,,V,,,,,,,,,,N*53

$GPGSA,A,1,,,,,,,,,,,,,,,*1E

$GNGSA,A,1,,,,,,,,,,,,,,,*00

$GLGSV,3,1,09,80,47,352,14,81,25,052,22,73,21,289,,70,45,260,*6B

$GLGSV,3,2,09,82,35,111,,79,20,057,,69,20,196,,83,09,161,*69

$GLGSV,3,3,09,71,22,319,*51

$GPGSV,2,1,06,11,03,056,18,28,56,026,20,05,18,227,,07,12,091,*7D

$GPGSV,2,2,06,13,67,307,,15,28,312,*76

$GPGGA,111731.0,,,,,0,,,,,,,,*7C

$GNGNS,111731.0,,,,,NN,,,,,,*49

$GPVTG,,T,,M,,N,,K,N*2C

$GPRMC,,V,,,,,,,,,,N*53

$GPGSA,A,1,,,,,,,,,,,,,,,*1E

$GNGSA,A,1,,,,,,,,,,,,,,,*00

$GLGSV,3,1,09,80,47,352,14,81,25,052,22,73,21,289,,70,45,260,*6B

$GLGSV,3,2,09,82,35,111,,79,20,057,,69,20,196,,83,09,161,*69

$GLGSV,3,3,09,71,22,319,*51

$GPGSV,2,1,06,11,03,056,18,28,56,026,20,05,18,227,,07,12,091,*7D

$GPGSV,2,2,06,13,67,307,,15,28,312,*76

$GPGGA,111732.0,,,,,0,,,,,,,,*7F

$GNGNS,111732.0,,,,,NN,,,,,,*4A

$GPVTG,,T,,M,,N,,K,N*2C

$GPRMC,,V,,,,,,,,,,N*53

$GPGSA,A,1,,,,,,,,,,,,,,,*1E

$GNGSA,A,1,,,,,,,,,,,,,,,*00

$GLGSV,3,1,09,80,47,352,14,81,25,052,22,73,21,289,,70,45,260,*6B

$GLGSV,3,2,09,82,35,111,,79,20,057,,69,20,196,,83,09,161,*69

$GLGSV,3,3,09,71,22,319,*51

$GPGSV,2,1,06,11,03,056,18,28,56,026,20,05,18,227,,07,12,091,*7D

$GPGSV,2,2,06,13,67,307,,15,28,312,*76

$GPGGA,111733.0,,,,,0,,,,,,,,*7E

$GNGNS,111733.0,,,,,NN,,,,,,*4B

$GPVTG,,T,,M,,N,,K,N*2C

$GPRMC,,V,,,,,,,,,,N*53

$GPGSA,A,1,,,,,,,,,,,,,,,*1E

$GNGSA,A,1,,,,,,,,,,,,,,,*00

$GLGSV,3,1,09,80,47,352,14,81,25,052,22,73,21,289,,70,45,260,*6B

$GLGSV,3,2,09,82,35,111,,79,20,057,,69,20,196,,83,09,161,*69

$GLGSV,3,3,09,71,22,319,*51

$GPGSV,2,1,06,11,03,056,18,28,56,026,20,05,18,227,,07,12,091,*7D

$GPGSV,2,2,06,13,67,307,,15,28,312,*76

$GPGGA,111734.0,,,,,0,,,,,,,,*79

$GNGNS,111734.0,,,,,NN,,,,,,*4C

$GPVTG,,T,,M,,N,,K,N*2C

$GPRMC,,V,,,,,,,,,,N*53

$GPGSA,A,1,,,,,,,,,,,,,,,*1E

$GNGSA,A,1,,,,,,,,,,,,,,,*00

$GLGSV,3,1,09,80,47,352,14,81,25,052,22,73,21,289,,70,45,260,*6B

$GLGSV,3,2,09,82,35,111,,79,20,057,,69,20,196,,83,09,161,*69

$GLGSV,3,3,09,71,22,319,*51

$GPGSV,2,1,06,11,03,056,18,28,56,026,20,05,18,227,,07,12,091,*7D

$GPGSV,2,2,06,13,67,307,,15,28,312,*76

$GPGGA,111735.0,,,,,0,,,,,,,,*78

$GNGNS,111735.0,,,,,NN,,,,,,*4D

$GPVTG,,T,,M,,N,,K,N*2C

$GPRMC,,V,,,,,,,,,,N*53

$GPGSA,A,1,,,,,,,,,,,,,,,*1E

$GNGSA,A,1,,,,,,,,,,,,,,,*00

$GLGSV,2,1,08,83,09,161,17,81,25,052,22,73,21,289,,70,45,260,*63

$GLGSV,2,2,08,82,35,111,,79,20,057,,69,20,196,,71,22,319,*60

$GPGSV,2,1,06,11,03,056,18,28,56,026,20,05,18,227,,07,12,091,*7D

$GPGSV,2,2,06,13,67,307,,15,28,312,*76

$GPGGA,111736.0,,,,,0,,,,,,,,*7B

$GNGNS,111736.0,,,,,NN,,,,,,*4E

$GPVTG,,T,,M,,N,,K,N*2C

$GPRMC,,V,,,,,,,,,,N*53

$GPGSA,A,1,,,,,,,,,,,,,,,*1E

$GNGSA,A,1,,,,,,,,,,,,,,,*00

$GLGSV,2,1,08,83,09,161,17,81,25,052,22,73,21,289,,70,45,260,*63

$GLGSV,2,2,08,82,35,111,,79,20,057,,69,20,196,,71,22,319,*60

$GPGSV,2,1,06,11,03,056,18,28,56,026,20,05,18,227,,07,12,091,*7D

$GPGSV,2,2,06,13,67,307,,15,28,312,*76

$GPGGA,111737.0,,,,,0,,,,,,,,*7A

$GNGNS,111737.0,,,,,NN,,,,,,*4F

$GPVTG,,T,,M,,N,,K,N*2C

$GPRMC,,V,,,,,,,,,,N*53

$GPGSA,A,1,,,,,,,,,,,,,,,*1E

$GNGSA,A,1,,,,,,,,,,,,,,,*00

$GLGSV,2,1,08,83,09,161,17,81,25,052,22,73,21,289,,70,45,260,*63

$GLGSV,2,2,08,82,35,111,,79,20,057,,69,20,196,,71,22,319,*60

$GPGSV,2,1,06,11,03,056,18,05,18,227,,07,12,091,,13,67,307,*75

$GPGSV,2,2,06,15,28,312,,17,49,132,*7A

$GPGGA,111738.0,,,,,0,,,,,,,,*75

$GNGNS,111738.0,,,,,NN,,,,,,*40

$GPVTG,,T,,M,,N,,K,N*2C

$GPRMC,,V,,,,,,,,,,N*53

$GPGSA,A,1,,,,,,,,,,,,,,,*1E

$GNGSA,A,1,,,,,,,,,,,,,,,*00

$GLGSV,2,1,07,83,09,161,19,73,21,289,,70,45,260,,82,35,111,*66

$GLGSV,2,2,07,79,20,057,,69,20,196,,71,22,319,*52

$GPGSV,2,1,06,11,03,056,18,19,29,168,20,05,18,227,,07,12,091,*7C

$GPGSV,2,2,06,13,67,307,,15,28,312,*76

$GPGGA,111739.0,,,,,0,,,,,,,,*74

$GNGNS,111739.0,,,,,NN,,,,,,*41

$GPVTG,,T,,M,,N,,K,N*2C

$GPRMC,,V,,,,,,,,,,N*53

$GPGSA,A,1,,,,,,,,,,,,,,,*1E

$GNGSA,A,1,,,,,,,,,,,,,,,*00

$GLGSV,2,1,08,83,09,161,20,73,21,289,,70,45,260,,82,35,111,*63

$GLGSV,2,2,08,79,20,057,,69,20,196,,81,25,052,,71,22,319,*64

$GPGSV,2,1,06,05,18,227,23,11,03,056,18,19,29,168,21,07,12,091,*7C

$GPGSV,2,2,06,13,67,307,,15,28,312,*76

$GPGGA,111740.0,,,,,0,,,,,,,,*7A

$GNGNS,111740.0,,,,,NN,,,,,,*4F

$GPVTG,,T,,M,,N,,K,N*2C

$GPRMC,,V,,,,,,,,,,N*53

$GPGSA,A,1,,,,,,,,,,,,,,,*1E

$GNGSA,A,1,,,,,,,,,,,,,,,*00

$GLGSV,3,1,09,69,20,196,22,83,09,161,27,73,21,289,,70,45,260,*6A

$GLGSV,3,2,09,82,35,111,,80,47,352,,79,20,057,,81,25,052,*68

$GLGSV,3,3,09,71,22,319,*51

$GPGSV,2,1,06,05,18,227,23,11,03,056,18,19,29,168,21,07,12,091,*7C

$GPGSV,2,2,06,13,67,307,,15,28,312,*76

$GPGGA,111741.0,,,,,0,,,,,,,,*7B

$GNGNS,111741.0,,,,,NN,,,,,,*4E

$GPVTG,,T,,M,,N,,K,N*2C

$GPRMC,,V,,,,,,,,,,N*53

$GPGSA,A,1,,,,,,,,,,,,,,,*1E

$GNGSA,A,1,,,,,,,,,,,,,,,*00

$GLGSV,3,1,09,69,20,196,23,83,09,161,23,73,21,289,,70,45,260,*6F

$GLGSV,3,2,09,82,35,111,,80,47,352,,79,20,057,,81,25,052,*68

$GLGSV,3,3,09,71,22,319,*51

$GPGSV,2,1,06,05,18,227,29,11,03,056,18,19,29,168,21,07,12,091,*76

$GPGSV,2,2,06,13,67,307,,15,28,312,*76

$GPGGA,111742.0,,,,,0,,,,,,,,*78

$GNGNS,111742.0,,,,,NN,,,,,,*4D

$GPVTG,,T,,M,,N,,K,N*2C

$GPRMC,,V,,,,,,,,,,N*53

$GPGSA,A,1,,,,,,,,,,,,,,,*1E

$GNGSA,A,1,,,,,,,,,,,,,,,*00

$GLGSV,3,1,09,69,20,196,23,83,09,161,23,73,21,289,,70,45,260,*6F

$GLGSV,3,2,09,82,35,111,,80,47,352,,79,20,057,,81,25,052,*68

$GLGSV,3,3,09,71,22,319,*51

$GPGSV,2,1,06,05,18,227,27,11,03,056,18,19,29,168,20,07,12,091,*79

$GPGSV,2,2,06,13,67,307,,15,28,312,*76

$GPGGA,111743.0,,,,,0,,,,,,,,*79

$GNGNS,111743.0,,,,,NN,,,,,,*4C

$GPVTG,,T,,M,,N,,K,N*2C

$GPRMC,,V,,,,,,,,,,N*53

$GPGSA,A,1,,,,,,,,,,,,,,,*1E

$GNGSA,A,1,,,,,,,,,,,,,,,*00

$GLGSV,3,1,09,69,20,196,23,83,09,161,23,73,21,289,,70,45,260,*6F

$GLGSV,3,2,09,82,35,111,,80,47,352,,79,20,057,,81,25,052,*68

$GLGSV,3,3,09,71,22,319,*51

$GPGSV,2,1,06,05,18,227,25,11,03,056,18,19,29,168,19,07,12,091,*71

$GPGSV,2,2,06,13,67,307,,15,28,312,*76

$GPGGA,111744.0,,,,,0,,,,,,,,*7E

$GNGNS,111744.0,,,,,NN,,,,,,*4B

$GPVTG,,T,,M,,N,,K,N*2C

$GPRMC,,V,,,,,,,,,,N*53

$GPGSA,A,1,,,,,,,,,,,,,,,*1E

$GNGSA,A,1,,,,,,,,,,,,,,,*00

$GLGSV,3,1,09,69,20,196,23,83,09,161,23,73,21,289,,70,45,260,*6F

$GLGSV,3,2,09,82,35,111,,80,47,352,,79,20,057,,81,25,052,*68

$GLGSV,3,3,09,71,22,319,*51

$GPGSV,2,1,06,05,18,227,22,11,03,056,18,19,29,168,19,07,12,091,*76

$GPGSV,2,2,06,13,67,306,,15,28,312,*77

$GPGGA,111745.0,,,,,0,,,,,,,,*7F

$GNGNS,111745.0,,,,,NN,,,,,,*4A

$GPVTG,,T,,M,,N,,K,N*2C

$GPRMC,,V,,,,,,,,,,N*53

$GPGSA,A,1,,,,,,,,,,,,,,,*1E

$GNGSA,A,1,,,,,,,,,,,,,,,*00

$GLGSV,3,1,09,69,20,196,23,83,09,161,23,73,21,289,,70,45,260,*6F

$GLGSV,3,2,09,82,35,111,,80,47,352,,79,20,057,,81,25,052,*68

$GLGSV,3,3,09,71,22,319,*51

$GPGSV,2,1,06,05,18,227,22,11,03,056,18,19,29,168,18,07,12,091,*77

$GPGSV,2,2,06,13,67,306,,15,28,312,*77

$GPGGA,111746.0,,,,,0,,,,,,,,*7C

$GNGNS,111746.0,,,,,NN,,,,,,*49

$GPVTG,,T,,M,,N,,K,N*2C

$GPRMC,,V,,,,,,,,,,N*53

$GPGSA,A,1,,,,,,,,,,,,,,,*1E

$GNGSA,A,1,,,,,,,,,,,,,,,*00

$GLGSV,3,1,09,69,20,196,23,83,09,161,23,73,21,289,,70,45,260,*6F

$GLGSV,3,2,09,82,35,111,,80,47,352,,79,20,057,,81,25,052,*68

$GLGSV,3,3,09,71,22,319,*51

$GPGSV,2,1,06,05,18,227,22,11,03,056,18,19,29,168,18,07,12,091,*77

$GPGSV,2,2,06,13,67,306,,15,28,312,*77

$GPGGA,111747.0,,,,,0,,,,,,,,*7D

$GNGNS,111747.0,,,,,NN,,,,,,*48

$GPVTG,,T,,M,,N,,K,N*2C

$GPRMC,,V,,,,,,,,,,N*53

$GPGSA,A,1,,,,,,,,,,,,,,,*1E

$GNGSA,A,1,,,,,,,,,,,,,,,*00

$GLGSV,3,1,09,69,20,196,23,83,09,161,23,73,21,289,,70,45,260,*6F

$GLGSV,3,2,09,82,35,111,,80,47,352,,79,20,057,,81,25,052,*68

$GLGSV,3,3,09,71,22,319,*51

$GPGSV,2,1,06,05,18,227,22,11,03,056,18,19,29,168,18,07,12,091,*77

$GPGSV,2,2,06,13,67,306,,15,28,312,*77

$GPGGA,111748.0,,,,,0,,,,,,,,*72

$GNGNS,111748.0,,,,,NN,,,,,,*47

$GPVTG,,T,,M,,N,,K,N*2C

$GPRMC,,V,,,,,,,,,,N*53

$GPGSA,A,1,,,,,,,,,,,,,,,*1E

$GNGSA,A,1,,,,,,,,,,,,,,,*00

$GLGSV,3,1,09,69,20,196,23,83,09,161,23,73,21,289,,70,45,260,*6F

$GLGSV,3,2,09,82,35,111,,80,47,352,,79,20,057,,81,25,052,*68

$GLGSV,3,3,09,71,22,319,*51

$GPGSV,2,1,06,05,18,227,22,11,03,056,18,19,29,168,18,07,12,091,*77

$GPGSV,2,2,06,13,67,306,,15,28,312,*77

$GPGGA,111749.0,,,,,0,,,,,,,,*73

$GNGNS,111749.0,,,,,NN,,,,,,*46

$GPVTG,,T,,M,,N,,K,N*2C

$GPRMC,,V,,,,,,,,,,N*53

$GPGSA,A,1,,,,,,,,,,,,,,,*1E

$GNGSA,A,1,,,,,,,,,,,,,,,*00

$GLGSV,3,1,09,69,20,196,23,83,09,161,23,73,21,289,,70,45,260,*6F

$GLGSV,3,2,09,82,35,111,,80,47,352,,79,20,057,,81,25,052,*68

$GLGSV,3,3,09,71,22,319,*51

$GPGSV,2,1,06,05,18,227,22,11,03,056,18,19,29,168,18,07,12,091,*77

$GPGSV,2,2,06,13,67,306,,15,28,312,*77

$GPGGA,111750.0,,,,,0,,,,,,,,*7B

$GNGNS,111750.0,,,,,NN,,,,,,*4E

$GPVTG,,T,,M,,N,,K,N*2C

$GPRMC,,V,,,,,,,,,,N*53

$GPGSA,A,1,,,,,,,,,,,,,,,*1E

$GNGSA,A,1,,,,,,,,,,,,,,,*00

$GLGSV,3,1,09,69,20,196,23,83,09,161,23,73,21,289,,70,45,260,*6F

$GLGSV,3,2,09,82,35,111,,80,47,352,,79,20,057,,81,25,052,*68

$GLGSV,3,3,09,71,22,319,*51

$GPGSV,2,1,06,05,18,227,22,19,29,168,18,07,12,091,,11,03,056,*7E

$GPGSV,2,2,06,13,67,306,,15,28,312,*77

$GPGGA,111751.0,,,,,0,,,,,,,,*7A

$GNGNS,111751.0,,,,,NN,,,,,,*4F

$GPVTG,,T,,M,,N,,K,N*2C

$GPRMC,,V,,,,,,,,,,N*53

$GPGSA,A,1,,,,,,,,,,,,,,,*1E

$GNGSA,A,1,,,,,,,,,,,,,,,*00

$GLGSV,3,1,09,69,20,196,23,83,09,161,23,73,21,289,,70,45,260,*6F

$GLGSV,3,2,09,82,35,111,,80,47,352,,79,20,057,,81,25,052,*68

$GLGSV,3,3,09,71,22,319,*51

$GPGSV,2,1,06,05,18,227,22,19,29,168,18,07,12,091,,11,03,056,*7E

$GPGSV,2,2,06,13,67,306,,15,28,312,*77

$GPGGA,111752.0,,,,,0,,,,,,,,*79

$GNGNS,111752.0,,,,,NN,,,,,,*4C

$GPVTG,,T,,M,,N,,K,N*2C

$GPRMC,,V,,,,,,,,,,N*53

$GPGSA,A,1,,,,,,,,,,,,,,,*1E

$GNGSA,A,1,,,,,,,,,,,,,,,*00

$GLGSV,3,1,09,69,20,196,23,83,09,161,23,73,21,289,,70,45,260,*6F

$GLGSV,3,2,09,82,35,111,,80,47,352,,79,20,057,,81,25,052,*68

$GLGSV,3,3,09,71,22,319,*51

$GPGSV,2,1,06,05,18,227,22,19,29,168,18,07,12,091,,11,03,056,*7E

$GPGSV,2,2,06,13,67,306,,15,28,312,*77

$GPGGA,111753.0,,,,,0,,,,,,,,*78

$GNGNS,111753.0,,,,,NN,,,,,,*4D

$GPVTG,,T,,M,,N,,K,N*2C

$GPRMC,,V,,,,,,,,,,N*53

$GPGSA,A,1,,,,,,,,,,,,,,,*1E

$GNGSA,A,1,,,,,,,,,,,,,,,*00

$GLGSV,3,1,09,69,20,196,23,83,09,161,23,73,21,289,,70,45,260,*6F

$GLGSV,3,2,09,82,35,111,,80,47,352,,79,20,057,,81,25,052,*68

$GLGSV,3,3,09,71,22,319,*51

$GPGSV,2,1,06,05,18,227,22,19,29,168,18,07,12,091,,11,03,056,*7E

$GPGSV,2,2,06,13,67,306,,15,28,312,*77

$GPGGA,111754.0,,,,,0,,,,,,,,*7F

$GNGNS,111754.0,,,,,NN,,,,,,*4A

$GPVTG,,T,,M,,N,,K,N*2C

$GPRMC,,V,,,,,,,,,,N*53

$GPGSA,A,1,,,,,,,,,,,,,,,*1E

$GNGSA,A,1,,,,,,,,,,,,,,,*00

$GLGSV,3,1,09,69,20,196,23,83,09,161,23,73,21,289,,70,45,260,*6F

$GLGSV,3,2,09,82,35,111,,80,47,352,,79,20,057,,81,25,052,*68

$GLGSV,3,3,09,71,22,319,*51

$GPGSV,2,1,06,05,18,227,22,19,29,168,18,07,12,091,,11,03,056,*7E

$GPGSV,2,2,06,13,67,306,,15,28,312,*77

$GPGGA,111755.0,,,,,0,,,,,,,,*7E

$GNGNS,111755.0,,,,,NN,,,,,,*4B

$GPVTG,,T,,M,,N,,K,N*2C

$GPRMC,,V,,,,,,,,,,N*53

$GPGSA,A,1,,,,,,,,,,,,,,,*1E

$GNGSA,A,1,,,,,,,,,,,,,,,*00

$GLGSV,3,1,09,69,20,196,23,83,09,161,23,73,21,289,,70,45,260,*6F

$GLGSV,3,2,09,82,35,111,,80,47,352,,79,20,057,,81,25,052,*68

$GLGSV,3,3,09,71,22,319,*51

$GPGSV,2,1,06,05,18,227,22,19,29,168,18,07,12,091,,11,03,056,*7E

$GPGSV,2,2,06,13,67,306,,15,28,312,*77

$GPGGA,111756.0,,,,,0,,,,,,,,*7D

$GNGNS,111756.0,,,,,NN,,,,,,*48

$GPVTG,,T,,M,,N,,K,N*2C

$GPRMC,,V,,,,,,,,,,N*53

$GPGSA,A,1,,,,,,,,,,,,,,,*1E

$GNGSA,A,1,,,,,,,,,,,,,,,*00

$GLGSV,3,1,09,69,20,196,23,83,09,161,23,73,21,289,,70,44,260,*6E

$GLGSV,3,2,09,82,35,109,,80,47,352,,79,20,057,,81,25,050,*63

$GLGSV,3,3,09,71,22,317,*5F

$GPGSV,2,1,06,05,18,227,12,19,29,168,18,07,12,091,,11,03,056,*7D

$GPGSV,2,2,06,13,67,306,,15,28,312,*77

$GPGGA,111757.0,,,,,0,,,,,,,,*7C

$GNGNS,111757.0,,,,,NN,,,,,,*49

$GPVTG,,T,,M,,N,,K,N*2C

$GPRMC,,V,,,,,,,,,,N*53

$GPGSA,A,1,,,,,,,,,,,,,,,*1E

$GNGSA,A,1,,,,,,,,,,,,,,,*00

$GLGSV,3,1,09,69,20,196,23,83,09,161,23,73,21,289,,70,44,260,*6E

$GLGSV,3,2,09,82,35,109,,80,47,352,,79,20,057,,81,25,050,*63

$GLGSV,3,3,09,71,22,317,*5F

$GPGSV,2,1,06,05,18,227,12,19,29,168,18,07,12,091,,11,03,056,*7D

$GPGSV,2,2,06,13,67,306,,15,28,312,*77

$GPGGA,111758.0,,,,,0,,,,,,,,*73

$GNGNS,111758.0,,,,,NN,,,,,,*46

$GPVTG,,T,,M,,N,,K,N*2C

$GPRMC,,V,,,,,,,,,,N*53

$GPGSA,A,1,,,,,,,,,,,,,,,*1E

$GNGSA,A,1,,,,,,,,,,,,,,,*00

$GLGSV,3,1,09,69,20,196,23,83,09,161,23,73,21,289,,70,44,260,*6E

$GLGSV,3,2,09,82,35,109,,80,47,352,,79,20,057,,81,25,050,*63

$GLGSV,3,3,09,71,22,317,*5F

$GPGSV,2,1,06,05,18,227,12,19,29,168,18,07,12,091,,11,03,056,*7D

$GPGSV,2,2,06,13,67,306,,15,28,312,*77

$GPGGA,111759.0,,,,,0,,,,,,,,*72

$GNGNS,111759.0,,,,,NN,,,,,,*47

$GPVTG,,T,,M,,N,,K,N*2C

$GPRMC,,V,,,,,,,,,,N*53

$GPGSA,A,1,,,,,,,,,,,,,,,*1E

$GNGSA,A,1,,,,,,,,,,,,,,,*00

$GLGSV,3,1,09,69,20,196,23,83,09,161,23,73,21,289,,70,44,260,*6E

$GLGSV,3,2,09,82,35,109,,80,47,352,,79,20,057,,81,25,050,*63

$GLGSV,3,3,09,71,22,317,*5F

$GPGSV,2,1,06,05,18,227,12,19,29,168,18,07,12,091,,11,03,056,*7D

$GPGSV,2,2,06,13,67,306,,15,28,312,*77

$GPGGA,111800.0,,,,,0,,,,,,,,*71

$GNGNS,111800.0,,,,,NN,,,,,,*44

$GPVTG,,T,,M,,N,,K,N*2C

$GPRMC,,V,,,,,,,,,,N*53

$GPGSA,A,1,,,,,,,,,,,,,,,*1E

$GNGSA,A,1,,,,,,,,,,,,,,,*00

$GLGSV,3,1,09,69,20,196,23,83,09,161,23,73,21,289,,70,44,260,*6E

$GLGSV,3,2,09,82,35,109,,80,47,352,,79,20,057,,81,25,050,*63

$GLGSV,3,3,09,71,22,317,*5F

$GPGSV,2,1,06,05,18,227,12,19,29,168,18,07,12,091,,11,03,056,*7D

$GPGSV,2,2,06,13,67,306,,15,28,312,*77

$GPGGA,111801.0,,,,,0,,,,,,,,*70

$GNGNS,111801.0,,,,,NN,,,,,,*45

$GPVTG,,T,,M,,N,,K,N*2C

$GPRMC,,V,,,,,,,,,,N*53

$GPGSA,A,1,,,,,,,,,,,,,,,*1E

$GNGSA,A,1,,,,,,,,,,,,,,,*00

$GLGSV,3,1,09,69,20,196,23,83,09,161,23,73,21,289,,70,44,260,*6E

$GLGSV,3,2,09,82,35,109,,80,47,352,,79,20,057,,81,25,050,*63

$GLGSV,3,3,09,71,22,317,*5F

$GPGSV,2,1,06,05,18,227,12,19,29,168,18,07,12,091,,11,03,056,*7D

$GPGSV,2,2,06,13,67,306,,15,28,312,*77

$GPGGA,111802.0,,,,,0,,,,,,,,*73

$GNGNS,111802.0,,,,,NN,,,,,,*46

$GPVTG,,T,,M,,N,,K,N*2C

$GPRMC,,V,,,,,,,,,,N*53

$GPGSA,A,1,,,,,,,,,,,,,,,*1E

$GNGSA,A,1,,,,,,,,,,,,,,,*00

$GLGSV,3,1,09,69,20,196,23,83,09,161,23,73,21,289,,70,44,260,*6E

$GLGSV,3,2,09,82,35,109,,80,47,352,,79,20,057,,81,25,050,*63

$GLGSV,3,3,09,71,22,317,*5F

$GPGSV,2,1,06,05,18,227,12,19,29,168,18,07,12,091,,11,03,056,*7D

$GPGSV,2,2,06,13,67,306,,15,28,312,*77

$GPGGA,111803.0,,,,,0,,,,,,,,*72

$GNGNS,111803.0,,,,,NN,,,,,,*47

$GPVTG,,T,,M,,N,,K,N*2C

$GPRMC,,V,,,,,,,,,,N*53

$GPGSA,A,1,,,,,,,,,,,,,,,*1E

$GNGSA,A,1,,,,,,,,,,,,,,,*00

$GLGSV,3,1,09,69,20,196,23,83,09,161,23,73,21,289,,70,44,260,*6E

$GLGSV,3,2,09,82,35,109,,80,47,352,,79,20,057,,81,25,050,*63

$GLGSV,3,3,09,71,22,317,*5F

$GPGSV,2,1,06,05,18,227,12,19,29,168,18,07,12,091,,11,03,056,*7D

$GPGSV,2,2,06,13,67,306,,15,28,312,*77

$GPGGA,111804.0,,,,,0,,,,,,,,*75

$GNGNS,111804.0,,,,,NN,,,,,,*40

$GPVTG,,T,,M,,N,,K,N*2C

$GPRMC,,V,,,,,,,,,,N*53

$GPGSA,A,1,,,,,,,,,,,,,,,*1E

$GNGSA,A,1,,,,,,,,,,,,,,,*00

$GLGSV,3,1,09,69,20,196,23,83,09,161,23,73,21,289,,70,44,260,*6E

$GLGSV,3,2,09,82,35,109,,80,47,352,,79,20,057,,81,25,050,*63

$GLGSV,3,3,09,71,22,317,*5F

$GPGSV,2,1,06,05,18,227,12,19,29,168,18,07,12,091,,11,03,056,*7D

$GPGSV,2,2,06,13,67,306,,15,28,312,*77

$GPGGA,111805.0,,,,,0,,,,,,,,*74

$GNGNS,111805.0,,,,,NN,,,,,,*41

$GPVTG,,T,,M,,N,,K,N*2C

$GPRMC,,V,,,,,,,,,,N*53

$GPGSA,A,1,,,,,,,,,,,,,,,*1E

$GNGSA,A,1,,,,,,,,,,,,,,,*00

$GLGSV,3,1,09,69,20,196,23,83,09,161,23,73,21,289,,70,44,260,*6E

$GLGSV,3,2,09,82,35,109,,80,47,352,,79,20,057,,81,25,050,*63

$GLGSV,3,3,09,71,22,317,*5F

$GPGSV,2,1,06,05,18,227,12,19,29,168,18,07,12,091,,11,03,056,*7D

$GPGSV,2,2,06,13,67,306,,15,28,312,*77

$GPGGA,111806.0,,,,,0,,,,,,,,*77

$GNGNS,111806.0,,,,,NN,,,,,,*42

$GPVTG,,T,,M,,N,,K,N*2C

$GPRMC,,V,,,,,,,,,,N*53

$GPGSA,A,1,,,,,,,,,,,,,,,*1E

$GNGSA,A,1,,,,,,,,,,,,,,,*00

$GLGSV,2,1,07,73,21,289,,70,44,260,,82,35,109,,80,47,352,*6D

$GLGSV,2,2,07,79,20,057,,81,25,050,,71,22,317,*54

$GPGSV,2,1,06,05,18,227,12,19,29,168,18,07,12,091,,11,03,056,*7D

$GPGSV,2,2,06,13,67,306,,15,28,312,*77

$GPGGA,111807.0,,,,,0,,,,,,,,*76

$GNGNS,111807.0,,,,,NN,,,,,,*43

$GPVTG,,T,,M,,N,,K,N*2C

$GPRMC,,V,,,,,,,,,,N*53

$GPGSA,A,1,,,,,,,,,,,,,,,*1E

$GNGSA,A,1,,,,,,,,,,,,,,,*00

$GLGSV,3,1,09,73,21,289,,70,44,260,,82,35,109,,80,47,352,*62

$GLGSV,3,2,09,79,20,057,,69,20,196,,83,09,161,,81,25,050,*6F

$GLGSV,3,3,09,71,22,317,*5F

$GPGSV,2,1,06,05,18,227,12,07,12,091,,11,03,056,,13,67,306,*7E

$GPGSV,2,2,06,15,28,312,,17,50,130,*70

$GPGGA,111808.0,,,,,0,,,,,,,,*79

$GNGNS,111808.0,,,,,NN,,,,,,*4C

$GPVTG,,T,,M,,N,,K,N*2C

$GPRMC,,V,,,,,,,,,,N*53

$GPGSA,A,1,,,,,,,,,,,,,,,*1E

$GNGSA,A,1,,,,,,,,,,,,,,,*00

$GLGSV,3,1,09,73,21,289,,70,44,260,,82,35,109,,80,47,352,*62

$GLGSV,3,2,09,79,20,057,,69,20,196,,83,09,161,,81,25,050,*6F

$GLGSV,3,3,09,71,22,317,*5F

$GPGSV,2,1,06,05,18,227,11,07,12,091,,11,03,056,,13,67,306,*7D

$GPGSV,2,2,06,15,28,312,,17,50,130,*70

$GPGGA,111809.0,,,,,0,,,,,,,,*78

$GNGNS,111809.0,,,,,NN,,,,,,*4D

$GPVTG,,T,,M,,N,,K,N*2C

$GPRMC,,V,,,,,,,,,,N*53

$GPGSA,A,1,,,,,,,,,,,,,,,*1E

$GNGSA,A,1,,,,,,,,,,,,,,,*00

$GLGSV,3,1,09,73,21,289,,70,44,260,,82,35,109,,80,47,352,*62

$GLGSV,3,2,09,79,20,057,,69,20,196,,83,09,161,,81,25,050,*6F

$GLGSV,3,3,09,71,22,317,*5F

$GPGSV,2,1,05,05,18,227,11,07,12,091,,13,67,306,,15,28,312,*70

$GPGSV,2,2,05,17,50,130,*4D

$GPGGA,111810.0,,,,,0,,,,,,,,*70

$GNGNS,111810.0,,,,,NN,,,,,,*45

$GPVTG,,T,,M,,N,,K,N*2C

$GPRMC,,V,,,,,,,,,,N*53

$GPGSA,A,1,,,,,,,,,,,,,,,*1E

$GNGSA,A,1,,,,,,,,,,,,,,,*00

$GLGSV,3,1,09,73,21,289,,70,44,258,,82,35,109,,80,47,352,*69

$GLGSV,3,2,09,79,20,057,,69,20,196,,83,09,161,,81,25,050,*6F

$GLGSV,3,3,09,71,22,317,*5F

$GPGSV,2,1,05,05,18,227,11,07,12,091,,13,67,306,,15,28,312,*70

$GPGSV,2,2,05,17,50,130,*4D

$GPGGA,111811.0,,,,,0,,,,,,,,*71

$GNGNS,111811.0,,,,,NN,,,,,,*44

$GPVTG,,T,,M,,N,,K,N*2C

$GPRMC,,V,,,,,,,,,,N*53

$GPGSA,A,1,,,,,,,,,,,,,,,*1E

$GNGSA,A,1,,,,,,,,,,,,,,,*00

$GLGSV,3,1,09,73,21,289,,70,44,258,,82,35,109,,80,47,352,*69

$GLGSV,3,2,09,79,20,057,,69,20,196,,83,09,161,,81,25,050,*6F

$GLGSV,3,3,09,71,22,317,*5F

$GPGSV,2,1,06,05,18,227,11,07,12,091,,11,03,056,,13,67,306,*7D

$GPGSV,2,2,06,15,28,312,,17,50,130,*70

$GPGGA,111812.0,,,,,0,,,,,,,,*72

$GNGNS,111812.0,,,,,NN,,,,,,*47

$GPVTG,,T,,M,,N,,K,N*2C

$GPRMC,,V,,,,,,,,,,N*53

$GPGSA,A,1,,,,,,,,,,,,,,,*1E

$GNGSA,A,1,,,,,,,,,,,,,,,*00

$GLGSV,3,1,09,73,21,289,,70,44,258,,82,35,109,,80,47,352,*69

$GLGSV,3,2,09,79,20,057,,69,20,196,,83,09,161,,81,25,050,*6F

$GLGSV,3,3,09,71,22,317,*5F

$GPGSV,2,1,06,05,18,227,11,07,12,091,,11,03,056,,13,67,306,*7D

$GPGSV,2,2,06,15,28,312,,17,50,130,*70

$GPGGA,111813.0,,,,,0,,,,,,,,*73

$GNGNS,111813.0,,,,,NN,,,,,,*46

$GPVTG,,T,,M,,N,,K,N*2C

$GPRMC,,V,,,,,,,,,,N*53

$GPGSA,A,1,,,,,,,,,,,,,,,*1E

$GNGSA,A,1,,,,,,,,,,,,,,,*00

$GLGSV,3,1,09,73,21,289,,70,44,258,,82,35,109,,80,47,352,*69

$GLGSV,3,2,09,79,20,057,,69,20,196,,83,09,161,,81,25,050,*6F

$GLGSV,3,3,09,71,22,317,*5F

$GPGSV,2,1,06,05,18,227,11,07,12,091,,11,03,056,,13,67,306,*7D

$GPGSV,2,2,06,15,28,312,,17,50,130,*70

$GPGGA,111814.0,,,,,0,,,,,,,,*74

$GNGNS,111814.0,,,,,NN,,,,,,*41

$GPVTG,,T,,M,,N,,K,N*2C

$GPRMC,,V,,,,,,,,,,N*53

$GPGSA,A,1,,,,,,,,,,,,,,,*1E

$GNGSA,A,1,,,,,,,,,,,,,,,*00

$GLGSV,3,1,09,73,21,289,,70,44,258,,82,35,109,,80,47,352,*69

$GLGSV,3,2,09,79,20,057,,69,20,196,,83,09,161,,81,25,050,*6F

$GLGSV,3,3,09,71,22,317,*5F

$GPGSV,2,1,06,05,18,227,11,07,12,091,,11,03,056,,13,67,306,*7D

$GPGSV,2,2,06,15,28,312,,17,50,130,*70

$GPGGA,111815.0,,,,,0,,,,,,,,*75

$GNGNS,111815.0,,,,,NN,,,,,,*40

$GPVTG,,T,,M,,N,,K,N*2C

$GPRMC,,V,,,,,,,,,,N*53

$GPGSA,A,1,,,,,,,,,,,,,,,*1E

$GNGSA,A,1,,,,,,,,,,,,,,,*00

$GLGSV,3,1,09,73,21,289,,70,44,258,,82,35,109,,80,47,352,*69

$GLGSV,3,2,09,79,20,057,,69,20,196,,83,09,161,,81,25,050,*6F

$GLGSV,3,3,09,71,22,317,*5F

$GPGSV,2,1,06,05,18,227,11,07,12,091,,11,03,056,,13,67,306,*7D

$GPGSV,2,2,06,15,28,312,,17,50,130,*70

$GPGGA,111816.0,,,,,0,,,,,,,,*76

$GNGNS,111816.0,,,,,NN,,,,,,*43

$GPVTG,,T,,M,,N,,K,N*2C

$GPRMC,,V,,,,,,,,,,N*53

$GPGSA,A,1,,,,,,,,,,,,,,,*1E

$GNGSA,A,1,,,,,,,,,,,,,,,*00

