$GPGSV,3,1,12,05,13,220,,07,07,098,,11,02,049,,12,00,000,*72
$GPGSV,3,2,12,13,74,285,,15,35,307,,17,55,119,,19,38,164,*7C
$GPGSV,3,3,12,20,12,267,,24,08,296,,28,49,030,,30,32,082,*77
$GLGSV,3,1,09,74,45,005,,73,20,061,,75,25,300,,65,28,306,*62
$GLGSV,3,2,09,84,40,104,,83,22,042,,85,18,157,,71,12,194,*63
$GLGSV,3,3,09,72,39,243,*56
$GPGSA,A,1,,,,,,,,,,,,,,,*1E
$GPVTG,,T,,M,,N,,K,N*2C
$GPRMC,,V,,,,,,,,,,N*53
$GPGGA,,,,,,0,,,,,,,,*66
$GPGSV,3,1,12,05,13,220,,07,07,098,,11,02,049,,12,00,000,*72
$GPGSV,3,2,12,13,74,285,,15,35,307,,17,55,119,,19,38,164,*7C
$GPGSV,3,3,12,20,12,267,,24,08,296,,28,49,030,,30,32,082,*77
$GLGSV,3,1,09,74,45,005,25,73,20,061,,75,25,300,,65,28,306,*65
$GLGSV,3,2,09,84,40,104,,83,22,042,,85,18,157,,71,12,194,*63
$GLGSV,3,3,09,72,39,243,*56
$GPGSA,A,1,,,,,,,,,,,,,,,*1E
$GPVTG,,T,,M,,N,,K,N*2C
$GPRMC,,V,,,,,,,,,,N*53
$GPGGA,,,,,,0,,,,,,,,*66
$GPGSV,3,1,12,05,13,220,,07,07,098,,11,02,049,,12,00,000,*72
$GPGSV,3,2,12,13,74,285,,15,35,307,,17,55,119,,19,38,164,*7C
$GPGSV,3,3,12,20,12,267,,24,08,296,,28,49,030,,30,32,082,*77
$GLGSV,3,1,09,74,45,005,25,73,20,061,,75,25,300,,65,28,306,*65
$GLGSV,3,2,09,84,40,104,,83,22,042,,85,18,157,,71,12,194,*63
$GLGSV,3,3,09,72,39,243,*56
$GPGSA,A,1,,,,,,,,,,,,,,,*1E
$GPVTG,,T,,M,,N,,K,N*2C
$GPRMC,,V,,,,,,,,,,N*53
$GPGGA,,,,,,0,,,,,,,,*66
$GPGSV,3,1,12,05,13,220,,07,07,098,,11,02,049,,12,00,000,*72
$GPGSV,3,2,12,13,74,285,,15,35,307,,17,55,119,,19,38,164,*7C
$GPGSV,3,3,12,20,12,267,,24,08,296,,28,49,030,,30,32,082,*77
$GLGSV,3,1,09,74,45,005,25,73,20,061,,75,25,300,,65,28,306,*65
$GLGSV,3,2,09,84,40,104,,83,22,042,,85,18,157,,71,12,194,*63
$GLGSV,3,3,09,72,39,243,*56
$GPGSA,A,1,,,,,,,,,,,,,,,*1E
$GPVTG,,T,,M,,N,,K,N*2C
$GPRMC,,V,,,,,,,,,,N*53
$GPGGA,,,,,,0,,,,,,,,*66
$GPGSV,3,1,12,05,13,220,,07,07,098,,11,02,049,,12,00,000,*72
$GPGSV,3,2,12,13,74,285,,15,35,307,,17,55,119,,19,38,164,*7C
$GPGSV,3,3,12,20,12,267,,24,08,296,,28,49,030,,30,32,082,*77
$GLGSV,3,1,09,74,45,005,22,73,20,061,,75,25,300,,65,28,306,*62
$GLGSV,3,2,09,84,40,104,,83,22,042,,85,18,157,,71,12,194,*63
$GLGSV,3,3,09,72,39,243,*56
$GPGSA,A,1,,,,,,,,,,,,,,,*1E
$GPVTG,,T,,M,,N,,K,N*2C
$GPRMC,,V,,,,,,,,,,N*53
$GPGGA,,,,,,0,,,,,,,,*66
$GPGSV,3,1,12,05,13,220,,07,07,098,,11,02,049,,12,00,000,*72
$GPGSV,3,2,12,13,74,285,,15,35,307,,17,55,119,,19,38,164,*7C
$GPGSV,3,3,12,20,12,267,,24,08,296,,28,49,030,,30,32,082,*77
$GLGSV,3,1,09,74,45,005,23,73,20,061,,75,25,300,,65,28,306,*63
$GLGSV,3,2,09,84,40,104,,83,22,042,,85,18,157,,71,12,194,*63
$GLGSV,3,3,09,72,39,243,*56
$GPGSA,A,1,,,,,,,,,,,,,,,*1E
$GPVTG,,T,,M,,N,,K,N*2C
$GPRMC,,V,,,,,,,,,,N*53
$GPGGA,,,,,,0,,,,,,,,*66
$GPGSV,3,1,12,05,13,220,,07,07,098,,11,02,049,,12,00,000,*72
$GPGSV,3,2,12,13,74,285,,15,35,307,,17,55,119,,19,38,164,*7C
$GPGSV,3,3,12,20,12,267,,24,08,296,,28,49,030,,30,32,082,*77
$GLGSV,3,1,09,74,45,005,25,73,20,061,,75,25,300,,65,28,306,*65
$GLGSV,3,2,09,84,40,104,,83,22,042,,85,18,157,,71,12,194,*63
$GLGSV,3,3,09,72,39,243,*56
$GPGSA,A,1,,,,,,,,,,,,,,,*1E
